IC5325 Rotation Curve results:

Systemic velocity = 1511.9 +/- 8.4

Left side inc. corrected V_rot = -125.066532066 +/- 46.6 km/s
Right side inc. corrected V_rot = 125.066532066 +/- 46.6 km/s
Left side observed V_rot = -52.8554003837 +/- 4.1 km/s
Right side observed V_rot = 52.8554003837 +/- 7.3 km/s


Redshift corrected observed velocities: 
[ 63.5485602   36.95756909  49.54821919  54.64375386  60.07809856
  61.82902053  57.92980455  52.75857779  49.99118007  47.97421663
  45.94386889  48.09229994  54.28804217  46.94737147  45.2289738
  43.74514395  43.2116906   37.79278582  47.93059204  49.5493612
  52.57727309  31.9875636   21.38783922   5.98022837 -17.05739154
 -37.23113715 -46.01169335 -49.37768438 -40.38850672 -37.89267777
 -43.25585272 -49.44022057 -42.94458785 -49.72531069 -49.54341214
 -49.70311011 -48.16281953 -51.02038997 -59.70556591 -56.16603581
 -59.6426186  -59.22907577 -57.22969921 -58.74852009 -61.20433319
 -54.01440715 -54.0763495  -49.86312784]

Redshift corrected observed velocity errors: 
[  9.68810483  11.24070659   9.58205353   8.43621265   8.44294331
   9.96540244   8.50366065   8.73022048   8.4301476    8.46032172
   8.53742606   8.51788985   8.42256      8.43008004   8.42454706
   8.41236728   8.41777895   8.43449168   8.42351132   8.42284155
   8.43467184   8.41852301   8.39936301   8.39696556   8.39888172
   8.40216245   8.40145482   8.40512618   8.40340307   8.40322735
   8.42500525   8.4703904    8.44696289   8.43885355   8.40851436
   8.40367945   8.40174205   8.40180493   8.44842462   8.45529939
   8.69382002   8.84419184   8.69753542   8.56583106   8.42422097
   8.42577254   9.93486928   9.169536  ]


Redshift and inclination corrected velocities: 
[ 150.36870375   87.44905848  117.2410747   129.2981369   142.15689192
  146.29992625  137.07359523  124.8374303   118.28920942  113.51666734
  108.71245531  113.79607626  128.45645132  111.0869447   107.02086942
  103.50982887  102.24757071   89.42534963  113.41344277  117.24377692
  124.40842682   75.68902363   50.60793902   14.15042584  -40.36122687
  -88.09637568 -108.87294166 -116.83755496  -95.56734855  -89.66171414
 -102.35206719 -116.9855282  -101.61555177 -117.66010887 -117.22970024
 -117.60757783 -113.96293983 -120.72452751 -141.27540458 -132.90016285
 -141.12645855 -140.14793286 -135.41700487 -139.01084126 -144.82179009
 -127.80897571 -127.95554379 -117.98621204]

Redshift and inclination corrected velocity errors: 
[ 122.02768395   74.60570511   96.16107689  104.97568708  115.05733748
  118.97217266  111.09527358  101.62642132   96.37233197   92.66938106
   88.97557508   92.91629736  104.31094289   90.76364987   87.60183651
   84.87231899   83.8976382    74.02001017   92.57025466   95.5536377
  101.1513319    63.53337343   44.96864005   22.84706482   37.81430617
   72.97963131   89.02776467   95.22823036   78.72678596   74.18158707
   83.98260787   95.37591095   83.42487804   95.88609466   95.53559836
   95.82783681   92.98699321   98.258657    114.36772987  107.80413995
  114.35386564  113.65169641  109.88194106  112.64059046  117.14223026
  103.80586992  104.66427105   96.51425448]

Observed velocities: 
[ 1575.41925621  1548.8282651   1561.41891521  1566.51444988  1571.94879457
  1573.69971654  1569.80050056  1564.62927381  1561.86187608  1559.84491264
  1557.81456491  1559.96299595  1566.15873818  1558.81806748  1557.09966982
  1555.61583996  1555.08238662  1549.66348183  1559.80128806  1561.42005721
  1564.4479691   1543.85825961  1533.25853523  1517.85092438  1494.81330447
  1474.63955886  1465.85900266  1462.49301163  1471.48218929  1473.97801824
  1468.61484329  1462.43047544  1468.92610816  1462.14538533  1462.32728387
  1462.1675859   1463.70787648  1460.85030605  1452.1651301   1455.7046602
  1452.22807741  1452.64162024  1454.6409968   1453.12217592  1450.66636282
  1457.85628886  1457.79434652  1462.00756817]

xVals: xPhysical = True[6.0260032166344235, 5.803641458790239, 4.69183269450447, 4.4694709461645035, 4.247109199173652, 4.024747453464796, 3.8023857089708155, 3.580023965624589, 3.357662223358998, 3.1353004821069206, 2.9129387418012382, 2.6905770023748294, 2.468215263760576, 2.245853525891355, 2.0234917887000474, 1.8011300521195344, 1.5787683160826942, 1.3564065805224075, 1.134044845371553, 0.9116831105630119, 0.6893213760296634, 0.4669596417043876, 0.24459790752006397, 0.0222361734095725, -0.20012556069420695, -0.4224872948583945, -0.6448490291501103, -0.8672107636364746, -1.0895724983846078, -1.3119342334616297, -1.5342959689346602, -1.7566577048708203, -1.9790194413372295, -2.2013811784010078, -2.4237429161292763, -2.6461046545891542, -2.868466393847762, -3.0908281339722206, -3.313189875029648, -3.5355516170871684, -3.7579133602118975, -3.980275104470958, -4.202636849931469, -4.424998596660551, -4.6473603447253256, -4.86972209419291, -5.092083845130429, -5.759169107433771]

