NGC1566 Rotation Curve results:

Systemic velocity = 1501.9 +/- 14.9

Left side inc. corrected V_rot = -85.6233377613 +/- 20.8 km/s
Right side inc. corrected V_rot = 85.6233377613 +/- 20.8 km/s
Left side observed V_rot = -63.6305403974 +/- 7.3 km/s
Right side observed V_rot = 63.6305403974 +/- 13.0 km/s


Redshift corrected observed velocities: 
[  67.83996617   57.38395169   42.40468406   38.7054103    33.51476946
   50.92294456   51.3761378    72.31109822   70.24891139   67.94069101
   49.03004854   60.69672529   74.41572196   66.36888109   89.83653439
   88.6148175   103.62893913   93.18425334  106.47326231   99.04959069
   81.54302045   51.71179589   19.99242605   39.22027181   48.82147276
  -29.70927329  -48.31088923  -21.1699999   -39.95515887  -67.27936283
  -74.99077401  -94.2353844  -100.55656445 -103.90113147  -70.59647605
  -70.05744972  -49.45663994  -63.68812275  -61.56157251  -57.89925404
  -62.78392892  -67.92299681  -76.09189517  -62.44722018  -58.92733257
  -55.13889107  -49.05958767  -54.30234961  -49.25413963]

Redshift corrected observed velocity errors: 
[ 15.10645187  15.09273092  15.0684391   17.09049805  16.63395244
  17.22974416  16.53903653  17.05951109  14.96652947  14.96867436
  15.01944947  14.96579189  14.99321702  16.31567735  15.4189226
  15.8172008   15.43980408  14.98512528  14.9559138   14.98888561
  14.96407944  15.00523906  15.0352417   15.97063615  15.70249257
  14.99073798  15.54315475  15.46272962  15.34224834  14.93415118
  14.937149    14.93214067  15.0316583   15.18107638  15.6102034
  15.24682147  15.4845495   15.63271074  15.09758734  14.94351087
  14.92964089  14.93255859  14.94458787  14.97717077  15.17440187
  14.96456711  15.39528509  15.00087644  14.96545354]


Redshift and inclination corrected velocities: 
[  91.28767886   77.21772355   57.06113075   52.08326692   45.09857072
   68.52358089   69.13341254   97.30418048   94.52923438   91.42321749
   65.97643805   81.67550013  100.13623107   89.30813863  120.88698098
  119.24299876  139.44649223  125.39178117  143.27390659  133.28437109
  109.72695719   69.58508506   26.90246283   52.77608141   65.69577165
  -39.97777052  -65.00871374  -28.48704475  -53.76496949  -90.53331265
 -100.91003992 -126.80621754 -135.3122043  -139.81276315  -94.99692877
  -94.2715973   -66.5504734   -85.70082245  -82.83926686  -77.91113126
  -84.48410964  -91.39940761 -102.3917446   -84.03102335  -79.29454737
  -74.19669649  -66.01618687  -73.07101893  -66.27798235]

Redshift and inclination corrected velocity errors: 
[ 21.7449227   21.33373176  20.84312845  23.41570772  22.70593353
  23.89844289  23.01091391  24.38675098  21.66868654  21.57581474
  20.96700555  21.29053734  21.88125278  23.2182043   23.13108657
  23.55311643  23.89108501  22.78383246  23.49241647  23.10659438
  22.17227089  21.03194892  20.35948457  21.94937258  21.84829408
  20.45350327  21.62615366  20.94621624  21.14000361  21.50553293
  21.83720841  22.77685262  23.24084401  23.60445601  22.49008496
  22.01177418  21.58353921  22.24991109  21.4902612   21.16086121
  21.32297026  21.52972876  21.89569502  21.37046236  21.49255254
  21.0921759   21.45579591  21.11075302  20.90380303]

Observed velocities: 
[ 1569.73968925  1559.28367477  1544.30440713  1540.60513338  1535.41449254
  1552.82266764  1553.27586087  1574.2108213   1572.14863446  1569.84041408
  1550.92977161  1562.59644837  1576.31544504  1568.26860417  1591.73625746
  1590.51454058  1605.52866221  1595.08397641  1608.37298538  1600.94931377
  1583.44274353  1553.61151897  1521.89214912  1541.11999488  1550.72119583
  1472.19044978  1453.58883385  1480.72972318  1461.94456421  1434.62036024
  1426.90894907  1407.66433867  1401.34315863  1397.99859161  1431.30324702
  1431.84227335  1452.44308313  1438.21160033  1440.33815056  1444.00046903
  1439.11579416  1433.97672626  1425.80782791  1439.45250289  1442.97239051
  1446.76083201  1452.84013541  1447.59737346  1452.64558345]

xVals: xPhysical = True[4.504852759389553, 4.328191823315462, 4.151530892467255, 3.974869966631628, 3.7982090455952804, 3.62154812914491, 3.4448872170672167, 3.2682263091488974, 3.091565405176652, 2.9149045049371773, 2.738243608217174, 2.56158271480334, 2.384921824482374, 2.2082609370409747, 1.8549391699436706, 1.6782782898611635, 1.5016174118050183, 1.324956535561933, 1.1482956609186072, 0.971634787661739, 0.7949739155780273, 0.618313044454171, 0.4416521740768692, 0.26499130423282036, 0.08833043470872325, -0.08833043470872325, -0.26499130423282036, -0.4416521740768692, -0.618313044454171, -0.7949739155780273, -0.971634787661739, -1.1482956609186072, -1.324956535561933, -1.5016174118050183, -1.6782782898611635, -1.8549391699436706, -2.0316000522658406, -2.2082609370409747, -2.384921824482374, -2.56158271480334, -2.738243608217174, -2.9149045049371773, -3.091565405176652, -3.2682263091488974, -3.4448872170672167, -3.62154812914491, -3.7982090455952804, -3.974869966631628, -4.151530892467255]

