NGC3513 Rotation Curve results:

Systemic velocity = 1203.7 +/- 12.0

Left side inc. corrected V_rot = 19.7807299389 +/- 21.6 km/s
Right side inc. corrected V_rot = -19.7807299389 +/- 21.6 km/s
Left side observed V_rot = 11.0612438073 +/- 9.2 km/s
Right side observed V_rot = -11.0612438073 +/- 7.7 km/s


Redshift corrected observed velocities: 
[-16.30633193 -19.20560839 -15.18214227  -8.30599351 -13.6662906
 -12.70495085 -19.90419565 -20.85758705 -26.76609219 -13.81205611
  -4.29467833   0.89970829  -1.72973524 -12.02879256   1.32270692
 -13.03407667 -21.30886172 -12.94285331 -12.91320687  -7.19272142
   0.25488662   4.52721845   2.65898973   2.00695059   8.32182677
  10.8437848    6.8786523    4.73985977   0.71401829 -13.17577664
  -8.7710636   10.33321723  13.65147245   8.83106962   8.76026531
   7.74374388  16.73447466  18.66660997  16.02542664  15.69945275
  -3.4746731   -7.21172438   5.60865145  19.69222177  25.26104896
  17.5489069   13.99882468   8.41318717   3.12684632  17.61500615
  17.6963169   21.50595401  11.59033626]

Redshift corrected observed velocity errors: 
[ 12.71760953  12.0763653   12.69527929  14.13656951  12.16317169
  11.99190443  11.99885535  12.00591842  11.9931642   11.99832847
  11.99438357  11.98865315  12.00478523  11.98978692  11.99692495
  12.01487099  11.99381293  11.99805766  12.24381761  12.26577183
  12.2780749   12.00152605  11.98990079  11.98959529  11.98640053
  11.98593526  11.9851636   11.98432758  11.98557362  12.0207413
  12.12894971  12.11185983  11.99574957  11.99236078  11.99122902
  11.99083549  12.03332216  12.12257333  12.60480299  13.53845471
  12.20638185  11.99795465  12.29706795  13.59488054  12.71834449
  12.02739837  11.9904863   12.05252537  12.04269977  12.01521506
  11.99412397  12.06286716  14.19426386]


Redshift and inclination corrected velocities: 
[-29.16047724 -34.34522911 -27.15009826 -14.85353884 -24.43931337
 -22.72015751 -35.59450688 -37.29944876 -47.86557917 -24.69998461
  -7.68013739   1.60894082  -3.09327108 -21.5109893    2.36538573
 -23.30873047 -38.10645948 -23.14559651 -23.09258001 -12.86268365
   0.45581162   8.09598695   4.75504914   3.58901299  14.88185333
  19.39184981  12.30103646   8.47625165   1.27687294 -23.56213135
 -15.6852198   18.47880609  24.4128142   15.79252805  15.6659093
  13.84807251  29.92612131  33.38134275  28.65813664  28.07520026
  -6.2137289  -12.89666649  10.02990455  35.21543576  45.17412293
  31.38256368  25.03398128  15.04523236   5.59171316  31.50076841
  31.64617575  38.45891798  20.72690156]

Redshift and inclination corrected velocity errors: 
[ 23.72241554  23.01159613  23.55585558  25.51282446  22.47423705
  22.07988753  22.98353807  23.13953173  24.13770381  22.20450121
  21.52293191  21.44243984  21.47998304  22.01127209  21.46097968
  22.152536    23.18978867  22.11420448  22.53795482  22.13573826
  21.95703209  21.54381313  21.46964518  21.45696666  21.70995596
  21.89887821  21.62110132  21.52101271  21.43573706  22.17705699
  21.99159325  22.07745996  22.18303441  21.75487456  21.74797784
  21.68115296  22.6055557   23.01336626  23.49602272  25.06693928
  21.87586143  21.66232839  22.1128441   25.64056038  25.03064283
  22.70099471  22.21097565  21.83271272  21.57468367  22.68912305
  22.66425403  23.33502536  25.8324975 ]

Observed velocities: 
[ 1187.35310474  1184.45382829  1188.4772944   1195.35344317  1189.99314608
  1190.95448583  1183.75524103  1182.80184963  1176.89334449  1189.84738057
  1199.36475835  1204.55914497  1201.92970144  1191.63064412  1204.9821436
  1190.62536001  1182.35057496  1190.71658337  1190.74622981  1196.46671526
  1203.9143233   1208.18665513  1206.31842641  1205.66638727  1211.98126345
  1214.50322148  1210.53808897  1208.39929645  1204.37345496  1190.48366004
  1194.88837308  1213.99265391  1217.31090913  1212.49050629  1212.41970199
  1211.40318055  1220.39391134  1222.32604665  1219.68486332  1219.35888943
  1200.18476358  1196.4477123   1209.26808812  1223.35165845  1228.92048564
  1221.20834358  1217.65826135  1212.07262385  1206.786283    1221.27444283
  1221.35575358  1225.16539069  1215.24977294]

xVals: xPhysical = True[4.285735124190998, 4.1342957089450705, 3.9828562949470863, 3.3770986505203315, 3.225659242076378, 3.0742198346060925, 2.922780428063764, 2.77134102240368, 2.6199016175801297, 2.4684622135474, 2.317022810259779, 2.165583407671553, 2.0141440057370117, 1.8627046044104418, 1.7112652036461322, 1.5598258033983698, 1.408386403621443, 1.2569470042696393, 1.1055076052972463, 0.9540682066585525, 0.8026288083078452, 0.6511894101994125, 0.4997500122875419, 0.3483106145265217, 0.19687121687063935, 0.04543181927418288, -0.10600757830855995, -0.2574469759233013, -0.40888637361575336, -0.5603257714316283, -0.7117651694166383, -1.014643966076912, -1.1660833648436, -1.3175227639622715, -1.468962163478639, -1.6204015634384143, -1.7718409638873105, -1.9232803648710386, -2.0747197664353116, -2.226159168625841, -2.3775985714883396, -2.5290379750685195, -2.6804773794120917, -2.83191678456477, -2.983356190572266, -3.134795597480292, -3.286235005334559, -3.437674414180781, -3.5891138240646687, -3.740553235031936, -3.891992647128293, -4.043432060399454, -4.194871474891126]

