NGC4536 Rotation Curve results:

Systemic velocity = 1866.88001849 +/- 32.9068153283

Left side inc. corrected V_rot = -139.187796255 +/- 36.8249119465 km/s
Right side inc. corrected V_rot = 139.187796255 +/- 36.8275350689 km/s
Left side observed V_rot = -129.052677441 +/- 8.5 km/s
Right side observed V_rot = 129.052677441 +/- 31.8 km/s


Redshift corrected observed velocities: 
[ 148.39841737  143.51817348  115.87813663   47.63717482   83.00561588
   81.49684464   92.50230053   71.33903048   66.90499076   60.587054
  130.62233397   67.71563154   70.45644339   58.51225943   65.43162167
   47.15954268   63.17940521   65.92373443  159.66635169  151.6107859
  167.00807302  191.15439701  176.71881508  160.04229971  135.44607146
   73.56370178  -76.66654519 -115.36635169 -133.4296265  -138.39917518
 -147.01176529 -159.64160901 -142.12841514 -159.55417711 -154.2945135
 -163.33914692 -147.48569734 -134.07504201 -133.64925689 -142.9282754
 -130.58653669 -119.55746413 -126.76488568 -124.31925927 -131.73169356
 -142.70467083 -141.69262606 -134.84680894 -128.84424827 -124.4449255
 -131.19627596 -105.91735716 -123.35778248 -125.42211628 -124.24909449
 -136.6637388  -122.2204826  -132.97369245]

Redshift corrected observed velocity errors: 
[ 32.91429581  33.07135229  32.92342641  33.22236144  33.06044264
  33.16163168  33.10001836  33.27809445  33.32973247  33.10488304
  33.00045952  33.28803927  33.26689011  33.17429124  33.10155409
  33.45035099  33.12353528  33.07289867  32.92219089  33.00838114
  33.01316975  32.97185751  32.91661947  32.91698286  32.92763787
  32.94910244  32.90983666  32.90818638  32.90964303  32.9096857
  33.01339335  33.01843935  35.30405018  32.91497166  32.92222302
  32.91230921  32.92161566  33.14304533  33.26760766  33.1147513
  33.58730975  35.26294506  34.09946586  33.28088947  33.90886661
  32.9169579   32.94511957  32.95279814  32.93273384  34.35064654
  33.72601882  33.45009678  33.06714238  32.91274658  32.91076038
  32.96541463  34.0202221   34.48255682]


Redshift and inclination corrected velocities: 
[ 160.0528489   154.7893363   124.97859627   51.37834809   89.52444056
   87.89717836   99.7669449    76.94162289   72.15935699   65.3452427
  140.88072535   73.03366124   75.98972204   63.10750467   70.57027724
   50.86320522   68.14118354   71.10103795  172.20570753  163.51749996
  180.12400906  206.16665839  190.59738175  172.61118054  146.08329383
   79.34100817  -82.68753259 -124.42661843 -143.90848788 -149.26831879
 -158.55729645 -172.1790217  -153.29043365 -172.08472336 -166.41199341
 -176.16694479 -159.06844863 -144.60459093 -144.14536688 -154.15311073
 -140.84211674 -128.94687881 -136.72033336 -134.08264031 -142.07720821
 -153.91194544 -152.82041998 -145.43696838 -138.96299816 -134.2181757
 -141.49974173 -114.23554955 -133.04565418 -135.27210991 -134.00696515
 -147.39659036 -131.81903675 -143.41674716]

Redshift and inclination corrected velocity errors: 
[ 37.52821576  37.56110682  36.75921953  36.04390419  36.30107471
  36.38533847  36.49696239  36.36547865  36.36378185  36.04897812
  37.16990017  36.32943696  36.34196887  36.10010329  36.10235676
  36.28416157  36.09881651  36.07782284  37.84610307  37.710293
  38.15026186  38.86464447  38.34704838  37.8515173   37.21091618
  36.04541771  36.0471965   36.73250449  37.14331991  37.26551518
  37.59269303  37.942813    39.82144379  37.83561425  37.69591824
  37.94143995  37.51147146  37.39948304  37.51768851  37.59043919
  37.77557993  39.27635501  38.21913183  37.31502311  38.13479185
  37.38206478  37.38502029  37.22217875  37.05810344  38.42890449
  37.9332246   37.10847282  37.07171433  36.95832171  36.92959417
  37.27971592  38.03695206  38.75712294]

Observed velocities: 
[ 2015.27843586  2010.39819196  1982.75815512  1914.51719331  1949.88563437
  1948.37686312  1959.38231902  1938.21904897  1933.78500924  1927.46707249
  1997.50235245  1934.59565003  1937.33646188  1925.39227792  1932.31164015
  1914.03956116  1930.0594237   1932.80375292  2026.54637017  2018.49080439
  2033.88809151  2058.0344155   2043.59883357  2026.9223182   2002.32608995
  1940.44372027  1790.2134733   1751.5136668   1733.45039199  1728.48084331
  1719.8682532   1707.23840948  1724.75160335  1707.32584137  1712.58550499
  1703.54087157  1719.39432115  1732.80497648  1733.2307616   1723.95174309
  1736.2934818   1747.32255436  1740.1151328   1742.56075922  1735.14832493
  1724.17534765  1725.18739243  1732.03320954  1738.03577021  1742.43509299
  1735.68374253  1760.96266133  1743.52223601  1741.45790221  1742.630924
  1730.21627969  1744.65953589  1733.90632604]

