NGC4939 Rotation Curve results:

Systemic velocity = 3092.8 +/- 33.2

Left side inc. corrected V_rot = -274.936392485 +/- 49.0 km/s
Right side inc. corrected V_rot = 274.936392485 +/- 53.5 km/s
Left side observed V_rot = -204.317557411 +/- 24.5 km/s
Right side observed V_rot = 204.317557411 +/- 22.4 km/s


Redshift corrected observed velocities: 
[ 237.80439158  222.99222211  193.44398637  211.88197584  199.62963327
  190.00847008  186.32577824  181.85766108  252.94810793  233.49190686
  228.21730582  194.71914908  197.01357404  169.61440888  227.41347138
  232.77239807  226.07622928  216.63550287  215.814447    216.9703844
  205.98443394  207.04485405  126.05550841   85.71861499   58.94545125
 -146.77531809 -170.75742176 -193.6432007  -212.03861622 -166.40409894
 -219.51189653 -212.67654018 -132.12567875 -195.23986064 -189.33149254
 -196.69664782 -204.22620613 -207.14813996 -218.16615791 -205.84154927
 -191.68671784 -171.60086093 -182.01599163 -266.14607925]

Redshift corrected observed velocity errors: 
[  33.81310967   33.49755741   34.52240292   33.26027499   33.24719656
   33.3331277    33.24718326   33.41979626   33.47736672   33.26684035
   33.27105166   33.88339769   33.27481515   33.56742963   33.35025337
   33.36373868   33.24911079   33.3361403    33.24854537   33.28968105
   33.35967075   33.4380826    33.94238573   54.10424506   49.52569292
   55.94249062   74.82235852   71.89456021   50.78106616  116.28745128
   43.65121269   33.47022368  116.80847442   33.5847552    33.53550118
   33.26020636   33.24288491   33.29388689   33.28333447   33.24130321
   33.29413313   34.71146413   33.37562198   33.60983474]


Redshift and inclination corrected velocities: 
[ 319.99737256  300.06563252  260.30455941  285.1153215   268.62816833
  255.68161624  250.72606557  244.71362088  340.37525292  314.19435197
  307.09667617  262.02046009  265.10791341  228.2387      306.01501025
  313.22615739  304.21557351  291.51182306  290.4069834   291.9624506
  277.1793961   278.6063321   169.62441786  115.34577387   79.31892846
 -197.50567191 -229.77677554 -260.57262872 -285.32610193 -223.91880188
 -295.38239251 -286.18451328 -177.79263775 -262.7211466  -254.7706531
 -264.68144711 -274.81346721 -278.74531701 -293.57152258 -276.98712581
 -257.93992135 -230.91173489 -244.92667565 -358.13487509]

Redshift and inclination corrected velocity errors: 
[  52.94242803   51.73020408   51.40838753   50.84029665   50.17807433
   49.79589853   49.51075399   49.50594778   53.46284162   52.05974733
   51.76073436   50.69600595   50.07716715   49.12225909   51.80717105
   52.130238     51.61326651   51.18861454   51.04030914   51.15222958
   50.64383948   50.79327631   47.87459087   73.4552935    66.9802716
   77.10956839  102.54223063   99.22268594   72.46957511  157.62232217
   63.83165832   51.13193163  157.89911512   50.36101305   50.00807955
   50.04344207   50.41200359   50.62694443   51.21061053   50.49516264
   49.83197878   50.62825103   49.45950325   54.43459864]

Observed velocities: 
[ 3330.56694088  3315.75477141  3286.20653567  3304.64452514  3292.39218257
  3282.77101938  3279.08832754  3274.62021038  3345.71065723  3326.25445616
  3320.97985512  3287.48169838  3289.77612334  3262.37695817  3320.17602068
  3325.53494737  3318.83877858  3309.39805217  3308.5769963   3309.73293369
  3298.74698324  3299.80740335  3218.81805771  3178.48116429  3151.70800055
  2945.98723121  2922.00512754  2899.1193486   2880.72393308  2926.35845036
  2873.25065277  2880.08600912  2960.63687054  2897.52268866  2903.43105676
  2896.06590148  2888.53634317  2885.61440934  2874.59639139  2886.92100003
  2901.07583146  2921.16168837  2910.74655767  2826.61647005]

xVals: xPhysical = True[32.36171113522309, 31.405677888420872, 29.493611507420297, 22.801380235055163, 21.84534731550245, 20.889314422325935, 19.933281554371277, 18.977248710484172, 18.021215889510295, 15.153117552524845, 14.19708481166069, 13.241052087938163, 12.285019380202959, 11.328986687300743, 10.372954008077205, 8.460888686048875, 7.504856040935451, 6.548823404883425, 5.592790776738481, 4.636758155346301, 3.6807255395525655, 2.724692928202956, 1.7686603201431539, 0.8126277142188411, -0.1434048907243008, -1.0994374958405906, -2.0554701022843465, -3.967535323771531, -4.923567941123596, -5.879600564420402, -6.835633194816268, -7.791665833465509, -8.747698481522447, -9.703731140141402, -10.659763810476687, -11.615796493682625, -12.571829190913533, -13.527861903323739, -14.483894632067543, -18.308025733465247, -19.26405856119189, -23.088190116236902, -26.91232211731079, -27.868355195928668]

