NGC5364 Rotation Curve results:

Systemic velocity = 1238.01704518 +/- 16.8943758989

Left side inc. corrected V_rot = 155.316938647 +/- 26.7607337682 km/s
Right side inc. corrected V_rot = -155.316938647 +/- 26.7545291074 km/s
Left side observed V_rot = 130.259745146 +/- 13.0 km/s
Right side observed V_rot = -130.259745146 +/- 10.8 km/s


Redshift corrected observed velocities: 
[ -99.18306555 -152.10681762 -127.92769526 -127.0224051  -131.50760665
 -132.97540276 -135.59534481 -124.81417868 -127.65329431 -127.80390192
 -131.1630866  -128.20063444 -126.68683837 -133.9141765  -151.92482772
 -143.27601321 -141.43190364 -133.01386549 -123.22025955  -91.64533049
  -81.76849523  -72.39893857  -72.64255106  -82.81370383  -30.01721679
   -8.63915845   58.20266459   65.84998645   74.37226681   86.16333074
   91.820138     90.59759887   87.84171256   89.30028126   97.88592006
  104.89796741  116.32203664  113.34254576  115.06121751  120.39136567
  125.56190722  133.88296632  134.98696533  129.3780766   131.2980153
  128.90076422  122.6699396   138.18188402  107.96662604  110.66664547
  101.95680222   93.41245832]

Redshift corrected observed velocity errors: 
[ 17.13956433  19.21252265  16.98125276  16.90785022  16.90273978
  16.90675043  16.90918539  16.91406134  16.97025564  17.49766802
  17.88599965  17.46336159  17.02478274  16.93559918  16.91896442
  16.92860036  16.90208773  16.90535239  16.96308818  16.94400477
  16.92358154  16.94411314  17.26011865  18.02786473  16.97304216
  17.38417544  17.04670669  17.04400713  17.03062455  16.92853942
  16.90959145  16.96515296  16.92271092  16.95338004  16.91823625
  16.91812966  17.31262317  17.28981726  17.25501936  17.42295467
  17.00650915  16.9190852   16.92927721  17.00670825  17.32460105
  17.52853508  17.03496587  17.4553621   20.29498619  17.86673795
  17.96028837  17.3416867 ]


Redshift and inclination corrected velocities: 
[-118.26224664 -181.36658593 -152.53628796 -151.45685321 -156.8048429
 -158.5549891  -161.67891183 -148.82384508 -152.20910235 -152.38868133
 -156.39404984 -152.86173062 -151.05673576 -159.67434845 -181.14958784
 -170.83705889 -168.63821033 -158.60085064 -146.92331442 -109.27452803
  -97.49775222  -86.32583679  -86.61631138  -98.74402059  -35.79142745
  -10.30101542   69.3987208    78.51710667   88.67876095  102.73799277
  109.48296209  108.02525131  104.73923364  106.47837742  116.71557797
  125.07648584  138.69812664  135.14549108  137.19477219  143.5502452
  149.71540915  159.63713457  160.95350247  154.26566944  156.55493387
  153.69653967  146.26713312  164.76300624  128.73544174  131.9548458
  121.56954842  111.3815864 ]

Redshift and inclination corrected velocity errors: 
[ 25.94417053  33.54964181  28.89531375  28.72993605  29.24506773
  29.42018683  29.73106055  28.48275368  28.85458732  29.31606431
  30.02592739  29.33195832  28.78957555  29.55404333  31.72260035
  30.66740031  30.42335694  29.42355941  28.34365138  25.02543023
  24.10005815  23.33007522  23.67650781  25.30125011  20.80805614
  20.77494925  22.38539294  22.92616892  23.57948182  24.49930624
  25.00897072  24.94661298  24.64790284  24.81341259  25.60752145
  26.31850044  27.88345752  27.54262848  27.69622289  28.42444541
  28.64589025  29.53691909  29.67537597  29.08367101  29.569787
  29.46659622  28.34295382  30.47964604  29.80410719  27.78250013
  26.99154453  25.57633583]

Observed velocities: 
[ 1138.83397962  1085.91022755  1110.08934992  1110.99464007  1106.50943852
  1105.04164242  1102.42170037  1113.2028665   1110.36375086  1110.21314325
  1106.85395857  1109.81641074  1111.3302068   1104.10286868  1086.09221746
  1094.74103197  1096.58514154  1105.00317969  1114.79678563  1146.37171469
  1156.24854995  1165.61810661  1165.37449412  1155.20334135  1207.99982839
  1229.37788673  1296.21970976  1303.86703162  1312.38931199  1324.18037592
  1329.83718317  1328.61464405  1325.85875773  1327.31732644  1335.90296524
  1342.91501259  1354.33908182  1351.35959094  1353.07826269  1358.40841085
  1363.5789524   1371.90001149  1373.0040105   1367.39512178  1369.31506048
  1366.91780939  1360.68698478  1376.1989292   1345.98367122  1348.68369065
  1339.97384739  1331.4295035 ]

