NGC5786 Rotation Curve results:

Systemic velocity = 2974.55789044 +/- 21.5707822015

Left side inc. corrected V_rot = -172.011510306 +/- 27.6330406379 km/s
Right side inc. corrected V_rot = 172.011510306 +/- 27.6155502455 km/s
Left side observed V_rot = -155.89537125 +/- 10.0 km/s
Right side observed V_rot = 155.89537125 +/- 19.1 km/s


Redshift corrected observed velocities: 
[ 184.64492057  155.61515508  148.34994807  169.49421516  170.31641303
  160.21469416  130.83570355  126.96275369  127.13451123  138.9517956
  160.28216381  127.85749172  140.70093604  112.17936274   89.77587533
   40.14434077  132.85686957  123.16809969  -37.95509285  -75.29408627
 -127.35384309 -109.92853792 -143.63166169 -139.04916132 -156.26474871
 -163.36281187 -173.85696932 -159.83351414 -155.90885429 -144.52087242
 -146.46867604 -151.80677256 -167.44095718]

Redshift corrected observed velocity errors: 
[ 21.84223476  21.59974603  21.58267085  21.58177572  21.5912741
  21.90302384  21.64694187  21.61907563  21.71805475  21.62862254
  22.35511611  21.98345488  21.59208987  21.60424006  21.85936342
  26.94814422  21.6221249   26.94814422  26.94814422  26.94814422
  21.57707715  21.5787985   21.59793306  21.60352473  21.57713576
  21.58990877  21.80310787  21.85283789  21.69605647  22.51096057
  21.74347436  21.62263267  21.78318275]


Redshift and inclination corrected velocities: 
[ 203.73312821  171.70232597  163.68605698  187.0161744   187.92336938
  176.77735583  144.36122631  140.08789895  140.27741243  153.31634307
  176.85180035  141.07513314  155.24630601  123.77623181   99.0567185
   44.29437918  146.59133627  135.90096152  -41.87881137  -83.07783222
 -140.51941836 -121.2927214  -158.48000398 -153.42377426 -172.41907324
 -180.2509194  -191.82994101 -176.35677021 -172.02638719 -159.46113946
 -161.61030296 -167.50024079 -184.75065489]

Redshift and inclination corrected velocity errors: 
[ 30.25779039  28.38548842  27.98495674  29.13914002  29.19471912
  28.91469642  27.17601722  26.96786953  27.07243313  27.5511733
  29.33652134  27.36506696  27.60338842  26.30166361  25.70716492
  29.99885709  27.2481369   32.14099979  29.97086678  30.65561715
  26.94501402  26.1826659   27.75671364  27.53201629  28.39958443
  28.80070801  29.58861262  28.84767869  28.49053755  28.67019847
  28.03916284  28.2036564   29.20497911]

Observed velocities: 
[ 3159.20281101  3130.17304552  3122.90783851  3144.0521056   3144.87430347
  3134.7725846   3105.39359399  3101.52064413  3101.69240167  3113.50968604
  3134.84005425  3102.41538216  3115.25882648  3086.73725318  3064.33376577
  3014.70223121  3107.41476001  3097.72599013  2936.60279759  2899.26380417
  2847.20404735  2864.62935252  2830.92622874  2835.50872911  2818.29314173
  2811.19507857  2800.70092112  2814.7243763   2818.64903615  2830.03701802
  2828.0892144   2822.75111788  2807.11693326]

