RFGC3781 Rotation Curve results:

Systemic velocity = 9138.9 +/- 31.7

Left side inc. corrected V_rot = -204.466304295 +/- 52.9 km/s
Right side inc. corrected V_rot = 204.466304295 +/- 32.8 km/s
Left side observed V_rot = -202.57454943 +/- 31.2 km/s
Right side observed V_rot = 202.57454943 +/- 5.6 km/s


Redshift corrected observed velocities: 
[ 201.44179603  196.39938743  204.85780688  199.78045293  197.35739253
  206.13461408  213.82811861  206.62279835  181.60960125  150.57438373
  119.90141017  129.92821351   51.77853167    7.69280149  -23.9722546
  -90.46581182 -171.21378329 -199.21588139 -186.42848666 -213.52844654
 -246.48757694 -150.18010796 -165.48169507 -163.27077351 -194.64411586
 -180.04755692 -151.45833125]

Redshift corrected observed velocity errors: 
[ 31.72848507  31.71208747  31.72719056  31.73409002  31.77977791
  31.73841591  31.71519866  31.73522513  31.72805095  31.72813966
  44.15532548  59.27732252  36.78702592  31.72683304  31.71556413
  31.73432064  31.8024625   61.43825402  31.72616806  31.71902529
  31.75457042  31.84969594  31.9560656   32.87524824  31.97069292
  31.88287677  31.92248957]


Redshift and inclination corrected velocities: 
[ 203.32297261  198.23347517  206.77088408  201.64611495  199.20042666
  208.05961482  215.82496563  208.55235803  183.30557366  151.98053185
  121.02111685  131.14155611   52.26206867    7.76464119  -24.19612097
  -91.31063235 -172.81267372 -201.07627112 -188.16946053 -215.52249504
 -248.78941631 -151.58257412 -167.02705604 -164.79548765 -196.46181189
 -181.72894208 -152.87273417]

Redshift and inclination corrected velocity errors: 
[ 32.05859242  32.04038773  32.05844299  32.06368877  32.10895551
  32.07019763  32.04948086  32.06714837  32.05182797  32.04332956
  44.57628332  59.83841929  37.13249137  32.02316535  32.01222112
  32.03749385  32.12382215  62.02908177  32.05140636  32.05323197
  32.1016777   32.16585051  32.27714642  33.20369545  32.30058105
  32.20749804  32.23960052]

Observed velocities: 
[ 9340.36792837  9335.32551978  9343.78393922  9338.70658527  9336.28352488
  9345.06074642  9352.75425096  9345.54893069  9320.5357336   9289.50051607
  9258.82754251  9268.85434586  9190.70466402  9146.61893383  9114.95387774
  9048.46032053  8967.71234905  8939.71025096  8952.49764568  8925.39768581
  8892.4385554   8988.74602438  8973.44443727  8975.65535883  8944.28201648
  8958.87857543  8987.4678011 ]

xVals: xPhysical = True[21.20667563647678, 19.658743082157123, 18.110810533771488, 16.562877990852616, 15.014945452933278, 13.467012919546217, 11.919080390224192, 10.371147864499951, 8.823215341906256, 7.275282821975859, 5.727350304241516, 4.1794177882359795, 2.6314852734920064, 1.0835527595423504, -0.46437975408023385, -2.012312267842992, -3.560244782213169, -5.108177297658009, -6.65610981464476, -8.204042333640666, -9.751974855112973, -12.847839907355768, -14.395772439060746, -15.943704975111107, -17.491637515974094, -19.03957006211695, -20.587502614006933]

