UGC09760 Rotation Curve results:

Systemic velocity = 2093.72823984 +/- 15.455207986

Left side inc. corrected V_rot = 46.0992079141 +/- 15.9780209564 km/s
Right side inc. corrected V_rot = -46.0992079141 +/- 19.5578126014 km/s
Left side observed V_rot = 46.0992079141 +/- 9.2 km/s
Right side observed V_rot = -46.0992079141 +/- 12.4 km/s


Redshift corrected observed velocities: 
[-68.55407757 -62.9275106  -64.94643829 -55.1497261  -38.66908741
 -34.65032636 -40.95442201 -44.08593659 -28.6168402  -34.2797686
 -27.98069777 -25.02601123 -29.61170922 -28.7711479  -25.02993973
 -17.99797581  10.47476536   5.30947703  33.80533237   6.45171036
  19.94253445   8.10373471  39.27900772  49.33787856  38.77552058
  50.71321795  43.03474219  49.2773523   60.71672439  66.61426629]

Redshift corrected observed velocity errors: 
[ 15.50966818  15.55945539  16.33933249  15.59600587  15.46887363
  15.6074458   15.61330489  15.76145172  15.54314864  15.46853405
  15.64146643  15.4754995   15.48220625  15.47659424  15.461003
  15.50441181  15.47076424  15.53058992  16.22337781  15.5245477
  15.49004353  15.4884366   15.54462989  15.47517111  15.5488216
  15.74368876  15.45955272  15.46117305  15.58490103  16.00927933]


Redshift and inclination corrected velocities: 
[-68.55407757 -62.9275106  -64.94643829 -55.1497261  -38.66908741
 -34.65032636 -40.95442201 -44.08593659 -28.6168402  -34.2797686
 -27.98069777 -25.02601123 -29.61170922 -28.7711479  -25.02993973
 -17.99797581  10.47476536   5.30947703  33.80533237   6.45171036
  19.94253445   8.10373471  39.27900772  49.33787856  38.77552058
  50.71321795  43.03474219  49.2773523   60.71672439  66.61426629]

Redshift and inclination corrected velocity errors: 
[ 15.50966818  15.55945539  16.33933249  15.59600587  15.46887363
  15.6074458   15.61330489  15.76145172  15.54314864  15.46853405
  15.64146643  15.4754995   15.48220625  15.47659424  15.461003
  15.50441181  15.47076424  15.53058992  16.22337781  15.5245477
  15.49004353  15.4884366   15.54462989  15.47517111  15.5488216
  15.74368876  15.45955272  15.46117305  15.58490103  16.00927933]

Observed velocities: 
[ 2025.17416227  2030.80072924  2028.78180155  2038.57851374  2055.05915243
  2059.07791348  2052.77381783  2049.64230325  2065.11139964  2059.44847124
  2065.74754207  2068.70222861  2064.11653062  2064.95709194  2068.69830011
  2075.73026403  2104.2030052   2099.03771687  2127.53357222  2100.17995021
  2113.67077429  2101.83197455  2133.00724756  2143.0661184   2132.50376042
  2144.44145779  2136.76298204  2143.00559214  2154.44496423  2160.34250613]

xVals: xPhysical = True[9.63463712104542, 9.024849905912673, 8.415062701676577, 7.805275507600869, 7.195488322949292, 6.58570114698558, 5.975913978973479, 4.7563396638590625, 4.146552515284226, 3.5367653717159584, 2.9269782324179974, 2.317191096654086, 1.7074039636879612, 1.097616832783365, 0.48782970320403646, -0.12195742578628394, -0.7317445549238564, -1.341531684944941, -1.951318816585797, -2.561105950582686, -3.1708930876718653, -3.7806802285895977, -4.390467374072143, -5.000254524855758, -5.610041681676708, -6.219828845271249, -6.82961601637564, -7.439403195726149, -8.049190384059026, -9.268764790616943]

